UniformTimeSeries input for a sinewave with ampl = 5.000000e-02, period = 2



====================================
0.00000000 0.00000000 0.00000000 -0.00000000 
0.05000000 0.00782172 0.00000000 -0.01385836 
0.10000000 0.01545085 0.00000000 -0.02737549 
0.15000000 0.02269952 0.00000000 -0.04021854 
0.20000000 0.02938926 0.00000000 -0.05207127 
0.25000000 0.03535534 0.00000000 -0.06264184 
0.30000000 0.04045085 0.00000000 -0.07166996 
0.35000000 0.04455033 0.00000000 -0.07893332 
0.40000000 0.04755283 0.00000000 -0.08425309 
0.45000000 0.04938442 0.00000000 -0.08749826 
0.50000000 0.05000000 0.00000000 -0.08858894 
0.55000000 0.04938442 0.00000000 -0.08749826 
0.60000000 0.04755283 0.00000000 -0.08425309 
0.65000000 0.04455033 0.00000000 -0.07893332 
0.70000000 0.04045085 0.00000000 -0.07166996 
0.75000000 0.03535534 0.00000000 -0.06264184 
0.80000000 0.02938926 0.00000000 -0.05207127 
0.85000000 0.02269952 0.00000000 -0.04021854 
0.90000000 0.01545085 0.00000000 -0.02737549 
0.95000000 0.00782172 0.00000000 -0.01385836 
1.00000000 0.00000000 0.00000000 -0.00000000 
1.05000000 -0.00782172 -0.00000000 0.01385836 
1.10000000 -0.01545085 -0.00000000 0.02737549 
1.15000000 -0.02269952 -0.00000000 0.04021854 
1.20000000 -0.02938926 -0.00000000 0.05207127 
1.25000000 -0.03535534 -0.00000000 0.06264184 
1.30000000 -0.04045085 -0.00000000 0.07166996 
1.35000000 -0.04455033 -0.00000000 0.07893332 
1.40000000 -0.04755283 -0.00000000 0.08425309 
1.45000000 -0.04938442 -0.00000000 0.08749826 
1.50000000 -0.05000000 -0.00000000 0.08858894 
1.55000000 -0.04938442 -0.00000000 0.08749826 
1.60000000 -0.04755283 -0.00000000 0.08425309 
1.65000000 -0.04455033 -0.00000000 0.07893332 
1.70000000 -0.04045085 -0.00000000 0.07166996 
1.75000000 -0.03535534 -0.00000000 0.06264184 
1.80000000 -0.02938926 -0.00000000 0.05207127 
1.85000000 -0.02269952 -0.00000000 0.04021854 
1.90000000 -0.01545085 -0.00000000 0.02737549 
1.95000000 -0.00782172 -0.00000000 0.01385836 
2.00000000 -0.00000000 -0.00000000 0.00000000 
2.05000000 0.00782172 0.00000000 -0.01385836 
2.10000000 0.01545085 0.00000000 -0.02737549 
2.15000000 0.02269952 0.00000000 -0.04021854 
2.20000000 0.02938926 0.00000000 -0.05207127 
2.25000000 0.03535534 0.00000000 -0.06264184 
2.30000000 0.04045085 0.00000000 -0.07166996 
2.35000000 0.04455033 0.00000000 -0.07893332 
2.40000000 0.04755283 0.00000000 -0.08425309 
2.45000000 0.04938442 0.00000000 -0.08749826 
2.50000000 0.05000000 0.00000000 -0.08858894 
2.55000000 0.04938442 0.00000000 -0.08749826 
2.60000000 0.04755283 0.00000000 -0.08425309 
2.65000000 0.04455033 0.00000000 -0.07893332 
2.70000000 0.04045085 0.00000000 -0.07166996 
2.75000000 0.03535534 0.00000000 -0.06264184 
2.80000000 0.02938926 0.00000000 -0.05207127 
2.85000000 0.02269952 0.00000000 -0.04021854 
2.90000000 0.01545085 0.00000000 -0.02737549 
2.95000000 0.00782172 0.00000000 -0.01385836 
3.00000000 0.00000000 0.00000000 -0.00000000 
3.05000000 -0.00782172 -0.00000000 0.01385836 
3.10000000 -0.01545085 -0.00000000 0.02737549 
3.15000000 -0.02269952 -0.00000000 0.04021854 
3.20000000 -0.02938926 -0.00000000 0.05207127 
3.25000000 -0.03535534 -0.00000000 0.06264184 
3.30000000 -0.04045085 -0.00000000 0.07166996 
3.35000000 -0.04455033 -0.00000000 0.07893332 
3.40000000 -0.04755283 -0.00000000 0.08425309 
3.45000000 -0.04938442 -0.00000000 0.08749826 
3.50000000 -0.05000000 -0.00000000 0.08858894 
3.55000000 -0.04938442 -0.00000000 0.08749826 
3.60000000 -0.04755283 -0.00000000 0.08425309 
3.65000000 -0.04455033 -0.00000000 0.07893332 
3.70000000 -0.04045085 -0.00000000 0.07166996 
3.75000000 -0.03535534 -0.00000000 0.06264184 
3.80000000 -0.02938926 -0.00000000 0.05207127 
3.85000000 -0.02269952 -0.00000000 0.04021854 
3.90000000 -0.01545085 -0.00000000 0.02737549 
3.95000000 -0.00782172 -0.00000000 0.01385836 
4.00000000 -0.00000000 -0.00000000 0.00000000 
4.05000000 0.00782172 0.00000000 -0.01385836 
4.10000000 0.01545085 0.00000000 -0.02737549 
4.15000000 0.02269952 0.00000000 -0.04021854 
4.20000000 0.02938926 0.00000000 -0.05207127 
4.25000000 0.03535534 0.00000000 -0.06264184 
4.30000000 0.04045085 0.00000000 -0.07166996 
4.35000000 0.04455033 0.00000000 -0.07893332 
4.40000000 0.04755283 0.00000000 -0.08425309 
4.45000000 0.04938442 0.00000000 -0.08749826 
4.50000000 0.05000000 0.00000000 -0.08858894 
4.55000000 0.04938442 0.00000000 -0.08749826 
4.60000000 0.04755283 0.00000000 -0.08425309 
4.65000000 0.04455033 0.00000000 -0.07893332 
4.70000000 0.04045085 0.00000000 -0.07166996 
4.75000000 0.03535534 0.00000000 -0.06264184 
4.80000000 0.02938926 0.00000000 -0.05207127 
4.85000000 0.02269952 0.00000000 -0.04021854 
4.90000000 0.01545085 0.00000000 -0.02737549 
4.95000000 0.00782172 0.00000000 -0.01385836 
5.00000000 0.00000000 0.00000000 -0.00000000 
5.05000000 -0.00782172 -0.00000000 0.01385836 
5.10000000 -0.01545085 -0.00000000 0.02737549 
5.15000000 -0.02269952 -0.00000000 0.04021854 
5.20000000 -0.02938926 -0.00000000 0.05207127 
5.25000000 -0.03535534 -0.00000000 0.06264184 
5.30000000 -0.04045085 -0.00000000 0.07166996 
5.35000000 -0.04455033 -0.00000000 0.07893332 
5.40000000 -0.04755283 -0.00000000 0.08425309 
5.45000000 -0.04938442 -0.00000000 0.08749826 
5.50000000 -0.05000000 -0.00000000 0.08858894 
5.55000000 -0.04938442 -0.00000000 0.08749826 
5.60000000 -0.04755283 -0.00000000 0.08425309 
5.65000000 -0.04455033 -0.00000000 0.07893332 
5.70000000 -0.04045085 -0.00000000 0.07166996 
5.75000000 -0.03535534 -0.00000000 0.06264184 
5.80000000 -0.02938926 -0.00000000 0.05207127 
5.85000000 -0.02269952 -0.00000000 0.04021854 
5.90000000 -0.01545085 -0.00000000 0.02737549 
5.95000000 -0.00782172 -0.00000000 0.01385836 
6.00000000 -0.00000000 -0.00000000 0.00000000 
6.05000000 0.00782172 0.00000000 -0.01385836 
6.10000000 0.01545085 0.00000000 -0.02737549 
6.15000000 0.02269952 0.00000000 -0.04021854 
6.20000000 0.02938926 0.00000000 -0.05207127 
6.25000000 0.03535534 0.00000000 -0.06264184 
6.30000000 0.04045085 0.00000000 -0.07166996 
6.35000000 0.04455033 0.00000000 -0.07893332 
6.40000000 0.04755283 0.00000000 -0.08425309 
6.45000000 0.04938442 0.00000000 -0.08749826 
6.50000000 0.05000000 0.00000000 -0.08858894 
6.55000000 0.04938442 0.00000000 -0.08749826 
6.60000000 0.04755283 0.00000000 -0.08425309 
6.65000000 0.04455033 0.00000000 -0.07893332 
6.70000000 0.04045085 0.00000000 -0.07166996 
6.75000000 0.03535534 0.00000000 -0.06264184 
6.80000000 0.02938926 0.00000000 -0.05207127 
6.85000000 0.02269952 0.00000000 -0.04021854 
6.90000000 0.01545085 0.00000000 -0.02737549 
6.95000000 0.00782172 0.00000000 -0.01385836 
7.00000000 0.00000000 0.00000000 -0.00000000 
7.05000000 -0.00782172 -0.00000000 0.01385836 
7.10000000 -0.01545085 -0.00000000 0.02737549 
7.15000000 -0.02269952 -0.00000000 0.04021854 
7.20000000 -0.02938926 -0.00000000 0.05207127 
7.25000000 -0.03535534 -0.00000000 0.06264184 
7.30000000 -0.04045085 -0.00000000 0.07166996 
7.35000000 -0.04455033 -0.00000000 0.07893332 
7.40000000 -0.04755283 -0.00000000 0.08425309 
7.45000000 -0.04938442 -0.00000000 0.08749826 
7.50000000 -0.05000000 -0.00000000 0.08858894 
7.55000000 -0.04938442 -0.00000000 0.08749826 
7.60000000 -0.04755283 -0.00000000 0.08425309 
7.65000000 -0.04455033 -0.00000000 0.07893332 
7.70000000 -0.04045085 -0.00000000 0.07166996 
7.75000000 -0.03535534 -0.00000000 0.06264184 
7.80000000 -0.02938926 -0.00000000 0.05207127 
7.85000000 -0.02269952 -0.00000000 0.04021854 
7.90000000 -0.01545085 -0.00000000 0.02737549 
7.95000000 -0.00782172 -0.00000000 0.01385836 
8.00000000 -0.00000000 -0.00000000 0.00000000 
8.05000000 0.00782172 0.00000000 -0.01385836 
8.10000000 0.01545085 0.00000000 -0.02737549 
8.15000000 0.02269952 0.00000000 -0.04021854 
8.20000000 0.02938926 0.00000000 -0.05207127 
8.25000000 0.03535534 0.00000000 -0.06264184 
8.30000000 0.04045085 0.00000000 -0.07166996 
8.35000000 0.04455033 0.00000000 -0.07893332 
8.40000000 0.04755283 0.00000000 -0.08425309 
8.45000000 0.04938442 0.00000000 -0.08749826 
8.50000000 0.05000000 0.00000000 -0.08858894 
8.55000000 0.04938442 0.00000000 -0.08749826 
8.60000000 0.04755283 0.00000000 -0.08425309 
8.65000000 0.04455033 0.00000000 -0.07893332 
8.70000000 0.04045085 0.00000000 -0.07166996 
8.75000000 0.03535534 0.00000000 -0.06264184 
8.80000000 0.02938926 0.00000000 -0.05207127 
8.85000000 0.02269952 0.00000000 -0.04021854 
8.90000000 0.01545085 0.00000000 -0.02737549 
8.95000000 0.00782172 0.00000000 -0.01385836 
9.00000000 0.00000000 0.00000000 -0.00000000 
9.05000000 -0.00782172 -0.00000000 0.01385836 
9.10000000 -0.01545085 -0.00000000 0.02737549 
9.15000000 -0.02269952 -0.00000000 0.04021854 
9.20000000 -0.02938926 -0.00000000 0.05207127 
9.25000000 -0.03535534 -0.00000000 0.06264184 
9.30000000 -0.04045085 -0.00000000 0.07166996 
9.35000000 -0.04455033 -0.00000000 0.07893332 
9.40000000 -0.04755283 -0.00000000 0.08425309 
9.45000000 -0.04938442 -0.00000000 0.08749826 
9.50000000 -0.05000000 -0.00000000 0.08858894 
9.55000000 -0.04938442 -0.00000000 0.08749826 
9.60000000 -0.04755283 -0.00000000 0.08425309 
9.65000000 -0.04455033 -0.00000000 0.07893332 
9.70000000 -0.04045085 -0.00000000 0.07166996 
9.75000000 -0.03535534 -0.00000000 0.06264184 
9.80000000 -0.02938926 -0.00000000 0.05207127 
9.85000000 -0.02269952 -0.00000000 0.04021854 
9.90000000 -0.01545085 -0.00000000 0.02737549 
9.95000000 -0.00782172 -0.00000000 0.01385836 
10.00000000 -0.00000000 -0.00000000 0.00000000 
10.05000000 0.00782172 0.00000000 -0.01385836 
10.10000000 0.01545085 0.00000000 -0.02737549 
10.15000000 0.02269952 0.00000000 -0.04021854 
10.20000000 0.02938926 0.00000000 -0.05207127 
10.25000000 0.03535534 0.00000000 -0.06264184 
10.30000000 0.04045085 0.00000000 -0.07166996 
10.35000000 0.04455033 0.00000000 -0.07893332 
10.40000000 0.04755283 0.00000000 -0.08425309 
10.45000000 0.04938442 0.00000000 -0.08749826 
10.50000000 0.05000000 0.00000000 -0.08858894 
10.55000000 0.04938442 0.00000000 -0.08749826 
10.60000000 0.04755283 0.00000000 -0.08425309 
10.65000000 0.04455033 0.00000000 -0.07893332 
10.70000000 0.04045085 0.00000000 -0.07166996 
10.75000000 0.03535534 0.00000000 -0.06264184 
10.80000000 0.02938926 0.00000000 -0.05207127 
10.85000000 0.02269952 0.00000000 -0.04021854 
10.90000000 0.01545085 0.00000000 -0.02737549 
10.95000000 0.00782172 0.00000000 -0.01385836 
11.00000000 0.00000000 0.00000000 -0.00000000 
11.05000000 -0.00782172 -0.00000000 0.01385836 
11.10000000 -0.01545085 -0.00000000 0.02737549 
11.15000000 -0.02269952 -0.00000000 0.04021854 
11.20000000 -0.02938926 -0.00000000 0.05207127 
11.25000000 -0.03535534 -0.00000000 0.06264184 
11.30000000 -0.04045085 -0.00000000 0.07166996 
11.35000000 -0.04455033 -0.00000000 0.07893332 
11.40000000 -0.04755283 -0.00000000 0.08425309 
11.45000000 -0.04938442 -0.00000000 0.08749826 
11.50000000 -0.05000000 -0.00000000 0.08858894 
11.55000000 -0.04938442 -0.00000000 0.08749826 
11.60000000 -0.04755283 -0.00000000 0.08425309 
11.65000000 -0.04455033 -0.00000000 0.07893332 
11.70000000 -0.04045085 -0.00000000 0.07166996 
11.75000000 -0.03535534 -0.00000000 0.06264184 
11.80000000 -0.02938926 -0.00000000 0.05207127 
11.85000000 -0.02269952 -0.00000000 0.04021854 
11.90000000 -0.01545085 -0.00000000 0.02737549 
11.95000000 -0.00782172 -0.00000000 0.01385836 
12.00000000 -0.00000000 -0.00000000 0.00000000 
12.05000000 0.00782172 0.00000000 -0.01385836 
12.10000000 0.01545085 0.00000000 -0.02737549 
12.15000000 0.02269952 0.00000000 -0.04021854 
12.20000000 0.02938926 0.00000000 -0.05207127 
12.25000000 0.03535534 0.00000000 -0.06264184 
12.30000000 0.04045085 0.00000000 -0.07166996 
12.35000000 0.04455033 0.00000000 -0.07893332 
12.40000000 0.04755283 0.00000000 -0.08425309 
12.45000000 0.04938442 0.00000000 -0.08749826 
12.50000000 0.05000000 0.00000000 -0.08858894 
12.55000000 0.04938442 0.00000000 -0.08749826 
12.60000000 0.04755283 0.00000000 -0.08425309 
12.65000000 0.04455033 0.00000000 -0.07893332 
12.70000000 0.04045085 0.00000000 -0.07166996 
12.75000000 0.03535534 0.00000000 -0.06264184 
12.80000000 0.02938926 0.00000000 -0.05207127 
12.85000000 0.02269952 0.00000000 -0.04021854 
12.90000000 0.01545085 0.00000000 -0.02737549 
12.95000000 0.00782172 0.00000000 -0.01385836 
13.00000000 -0.00000000 -0.00000000 0.00000000 
13.05000000 -0.00782172 -0.00000000 0.01385836 
13.10000000 -0.01545085 -0.00000000 0.02737549 
13.15000000 -0.02269952 -0.00000000 0.04021854 
13.20000000 -0.02938926 -0.00000000 0.05207127 
13.25000000 -0.03535534 -0.00000000 0.06264184 
13.30000000 -0.04045085 -0.00000000 0.07166996 
13.35000000 -0.04455033 -0.00000000 0.07893332 
13.40000000 -0.04755283 -0.00000000 0.08425309 
13.45000000 -0.04938442 -0.00000000 0.08749826 
13.50000000 -0.05000000 -0.00000000 0.08858894 
13.55000000 -0.04938442 -0.00000000 0.08749826 
13.60000000 -0.04755283 -0.00000000 0.08425309 
13.65000000 -0.04455033 -0.00000000 0.07893332 
13.70000000 -0.04045085 -0.00000000 0.07166996 
13.75000000 -0.03535534 -0.00000000 0.06264184 
13.80000000 -0.02938926 -0.00000000 0.05207127 
13.85000000 -0.02269952 -0.00000000 0.04021854 
13.90000000 -0.01545085 -0.00000000 0.02737549 
13.95000000 -0.00782172 -0.00000000 0.01385836 
14.00000000 -0.00000000 -0.00000000 0.00000000 
14.05000000 0.00782172 0.00000000 -0.01385836 
14.10000000 0.01545085 0.00000000 -0.02737549 
14.15000000 0.02269952 0.00000000 -0.04021854 
14.20000000 0.02938926 0.00000000 -0.05207127 
14.25000000 0.03535534 0.00000000 -0.06264184 
14.30000000 0.04045085 0.00000000 -0.07166996 
14.35000000 0.04455033 0.00000000 -0.07893332 
14.40000000 0.04755283 0.00000000 -0.08425309 
14.45000000 0.04938442 0.00000000 -0.08749826 
14.50000000 0.05000000 0.00000000 -0.08858894 
14.55000000 0.04938442 0.00000000 -0.08749826 
14.60000000 0.04755283 0.00000000 -0.08425309 
14.65000000 0.04455033 0.00000000 -0.07893332 
14.70000000 0.04045085 0.00000000 -0.07166996 
14.75000000 0.03535534 0.00000000 -0.06264184 
14.80000000 0.02938926 0.00000000 -0.05207127 
14.85000000 0.02269952 0.00000000 -0.04021854 
14.90000000 0.01545085 0.00000000 -0.02737549 
14.95000000 0.00782172 0.00000000 -0.01385836 
15.00000000 0.00000000 0.00000000 -0.00000000 
15.05000000 -0.00782172 -0.00000000 0.01385836 
15.10000000 -0.01545085 -0.00000000 0.02737549 
15.15000000 -0.02269952 -0.00000000 0.04021854 
15.20000000 -0.02938926 -0.00000000 0.05207127 
15.25000000 -0.03535534 -0.00000000 0.06264184 
15.30000000 -0.04045085 -0.00000000 0.07166996 
15.35000000 -0.04455033 -0.00000000 0.07893332 
15.40000000 -0.04755283 -0.00000000 0.08425309 
15.45000000 -0.04938442 -0.00000000 0.08749826 
15.50000000 -0.05000000 -0.00000000 0.08858894 
15.55000000 -0.04938442 -0.00000000 0.08749826 
15.60000000 -0.04755283 -0.00000000 0.08425309 
15.65000000 -0.04455033 -0.00000000 0.07893332 
15.70000000 -0.04045085 -0.00000000 0.07166996 
15.75000000 -0.03535534 -0.00000000 0.06264184 
15.80000000 -0.02938926 -0.00000000 0.05207127 
15.85000000 -0.02269952 -0.00000000 0.04021854 
15.90000000 -0.01545085 -0.00000000 0.02737549 
15.95000000 -0.00782172 -0.00000000 0.01385836 
16.00000000 -0.00000000 -0.00000000 0.00000000 
16.05000000 0.00782172 0.00000000 -0.01385836 
16.10000000 0.01545085 0.00000000 -0.02737549 
16.15000000 0.02269952 0.00000000 -0.04021854 
16.20000000 0.02938926 0.00000000 -0.05207127 
16.25000000 0.03535534 0.00000000 -0.06264184 
16.30000000 0.04045085 0.00000000 -0.07166996 
16.35000000 0.04455033 0.00000000 -0.07893332 
16.40000000 0.04755283 0.00000000 -0.08425309 
16.45000000 0.04938442 0.00000000 -0.08749826 
16.50000000 0.05000000 0.00000000 -0.08858894 
16.55000000 0.04938442 0.00000000 -0.08749826 
16.60000000 0.04755283 0.00000000 -0.08425309 
16.65000000 0.04455033 0.00000000 -0.07893332 
16.70000000 0.04045085 0.00000000 -0.07166996 
16.75000000 0.03535534 0.00000000 -0.06264184 
16.80000000 0.02938926 0.00000000 -0.05207127 
16.85000000 0.02269952 0.00000000 -0.04021854 
16.90000000 0.01545085 0.00000000 -0.02737549 
16.95000000 0.00782172 0.00000000 -0.01385836 
17.00000000 -0.00000000 -0.00000000 0.00000000 
17.05000000 -0.00782172 -0.00000000 0.01385836 
17.10000000 -0.01545085 -0.00000000 0.02737549 
17.15000000 -0.02269952 -0.00000000 0.04021854 
17.20000000 -0.02938926 -0.00000000 0.05207127 
17.25000000 -0.03535534 -0.00000000 0.06264184 
17.30000000 -0.04045085 -0.00000000 0.07166996 
17.35000000 -0.04455033 -0.00000000 0.07893332 
17.40000000 -0.04755283 -0.00000000 0.08425309 
17.45000000 -0.04938442 -0.00000000 0.08749826 
17.50000000 -0.05000000 -0.00000000 0.08858894 
17.55000000 -0.04938442 -0.00000000 0.08749826 
17.60000000 -0.04755283 -0.00000000 0.08425309 
17.65000000 -0.04455033 -0.00000000 0.07893332 
17.70000000 -0.04045085 -0.00000000 0.07166996 
17.75000000 -0.03535534 -0.00000000 0.06264184 
17.80000000 -0.02938926 -0.00000000 0.05207127 
17.85000000 -0.02269952 -0.00000000 0.04021854 
17.90000000 -0.01545085 -0.00000000 0.02737549 
17.95000000 -0.00782172 -0.00000000 0.01385836 
18.00000000 -0.00000000 -0.00000000 0.00000000 
18.05000000 0.00782172 0.00000000 -0.01385836 
18.10000000 0.01545085 0.00000000 -0.02737549 
18.15000000 0.02269952 0.00000000 -0.04021854 
18.20000000 0.02938926 0.00000000 -0.05207127 
18.25000000 0.03535534 0.00000000 -0.06264184 
18.30000000 0.04045085 0.00000000 -0.07166996 
18.35000000 0.04455033 0.00000000 -0.07893332 
18.40000000 0.04755283 0.00000000 -0.08425309 
18.45000000 0.04938442 0.00000000 -0.08749826 
18.50000000 0.05000000 0.00000000 -0.08858894 
18.55000000 0.04938442 0.00000000 -0.08749826 
18.60000000 0.04755283 0.00000000 -0.08425309 
18.65000000 0.04455033 0.00000000 -0.07893332 
18.70000000 0.04045085 0.00000000 -0.07166996 
18.75000000 0.03535534 0.00000000 -0.06264184 
18.80000000 0.02938926 0.00000000 -0.05207127 
18.85000000 0.02269952 0.00000000 -0.04021854 
18.90000000 0.01545085 0.00000000 -0.02737549 
18.95000000 0.00782172 0.00000000 -0.01385836 
19.00000000 0.00000000 0.00000000 -0.00000000 
19.05000000 -0.00782172 -0.00000000 0.01385836 
19.10000000 -0.01545085 -0.00000000 0.02737549 
19.15000000 -0.02269952 -0.00000000 0.04021854 
19.20000000 -0.02938926 -0.00000000 0.05207127 
19.25000000 -0.03535534 -0.00000000 0.06264184 
19.30000000 -0.04045085 -0.00000000 0.07166996 
19.35000000 -0.04455033 -0.00000000 0.07893332 
19.40000000 -0.04755283 -0.00000000 0.08425309 
19.45000000 -0.04938442 -0.00000000 0.08749826 
19.50000000 -0.05000000 -0.00000000 0.08858894 
19.55000000 -0.04938442 -0.00000000 0.08749826 
19.60000000 -0.04755283 -0.00000000 0.08425309 
19.65000000 -0.04455033 -0.00000000 0.07893332 
19.70000000 -0.04045085 -0.00000000 0.07166996 
19.75000000 -0.03535534 -0.00000000 0.06264184 
19.80000000 -0.02938926 -0.00000000 0.05207127 
19.85000000 -0.02269952 -0.00000000 0.04021854 
19.90000000 -0.01545085 -0.00000000 0.02737549 
19.95000000 -0.00782172 -0.00000000 0.01385836 
20.00000000 -0.00000000 -0.00000000 0.00000000 
