UniformTimeSeries input for a sinewave with ampl = 5.000000e-02, period = 2



====================================
0.00000000 0.00000000 0.00000000 0.00000000 
0.05000000 0.00782172 0.01385836 0.00000000 
0.10000000 0.01545085 0.02737549 0.00000000 
0.15000000 0.02269952 0.04021854 0.00000000 
0.20000000 0.02938926 0.05207127 0.00000000 
0.25000000 0.03535534 0.06264184 0.00000000 
0.30000000 0.04045085 0.07166996 0.00000000 
0.35000000 0.04455033 0.07893332 0.00000000 
0.40000000 0.04755283 0.08425309 0.00000000 
0.45000000 0.04938442 0.08749826 0.00000000 
0.50000000 0.05000000 0.08858894 0.00000000 
0.55000000 0.04938442 0.08749826 0.00000000 
0.60000000 0.04755283 0.08425309 0.00000000 
0.65000000 0.04455033 0.07893332 0.00000000 
0.70000000 0.04045085 0.07166996 0.00000000 
0.75000000 0.03535534 0.06264184 0.00000000 
0.80000000 0.02938926 0.05207127 0.00000000 
0.85000000 0.02269952 0.04021854 0.00000000 
0.90000000 0.01545085 0.02737549 0.00000000 
0.95000000 0.00782172 0.01385836 0.00000000 
1.00000000 0.00000000 0.00000000 0.00000000 
1.05000000 -0.00782172 -0.01385836 -0.00000000 
1.10000000 -0.01545085 -0.02737549 -0.00000000 
1.15000000 -0.02269952 -0.04021854 -0.00000000 
1.20000000 -0.02938926 -0.05207127 -0.00000000 
1.25000000 -0.03535534 -0.06264184 -0.00000000 
1.30000000 -0.04045085 -0.07166996 -0.00000000 
1.35000000 -0.04455033 -0.07893332 -0.00000000 
1.40000000 -0.04755283 -0.08425309 -0.00000000 
1.45000000 -0.04938442 -0.08749826 -0.00000000 
1.50000000 -0.05000000 -0.08858894 -0.00000000 
1.55000000 -0.04938442 -0.08749826 -0.00000000 
1.60000000 -0.04755283 -0.08425309 -0.00000000 
1.65000000 -0.04455033 -0.07893332 -0.00000000 
1.70000000 -0.04045085 -0.07166996 -0.00000000 
1.75000000 -0.03535534 -0.06264184 -0.00000000 
1.80000000 -0.02938926 -0.05207127 -0.00000000 
1.85000000 -0.02269952 -0.04021854 -0.00000000 
1.90000000 -0.01545085 -0.02737549 -0.00000000 
1.95000000 -0.00782172 -0.01385836 -0.00000000 
2.00000000 -0.00000000 -0.00000000 -0.00000000 
2.05000000 0.00782172 0.01385836 0.00000000 
2.10000000 0.01545085 0.02737549 0.00000000 
2.15000000 0.02269952 0.04021854 0.00000000 
2.20000000 0.02938926 0.05207127 0.00000000 
2.25000000 0.03535534 0.06264184 0.00000000 
2.30000000 0.04045085 0.07166996 0.00000000 
2.35000000 0.04455033 0.07893332 0.00000000 
2.40000000 0.04755283 0.08425309 0.00000000 
2.45000000 0.04938442 0.08749826 0.00000000 
2.50000000 0.05000000 0.08858894 0.00000000 
2.55000000 0.04938442 0.08749826 0.00000000 
2.60000000 0.04755283 0.08425309 0.00000000 
2.65000000 0.04455033 0.07893332 0.00000000 
2.70000000 0.04045085 0.07166996 0.00000000 
2.75000000 0.03535534 0.06264184 0.00000000 
2.80000000 0.02938926 0.05207127 0.00000000 
2.85000000 0.02269952 0.04021854 0.00000000 
2.90000000 0.01545085 0.02737549 0.00000000 
2.95000000 0.00782172 0.01385836 0.00000000 
3.00000000 0.00000000 0.00000000 0.00000000 
3.05000000 -0.00782172 -0.01385836 -0.00000000 
3.10000000 -0.01545085 -0.02737549 -0.00000000 
3.15000000 -0.02269952 -0.04021854 -0.00000000 
3.20000000 -0.02938926 -0.05207127 -0.00000000 
3.25000000 -0.03535534 -0.06264184 -0.00000000 
3.30000000 -0.04045085 -0.07166996 -0.00000000 
3.35000000 -0.04455033 -0.07893332 -0.00000000 
3.40000000 -0.04755283 -0.08425309 -0.00000000 
3.45000000 -0.04938442 -0.08749826 -0.00000000 
3.50000000 -0.05000000 -0.08858894 -0.00000000 
3.55000000 -0.04938442 -0.08749826 -0.00000000 
3.60000000 -0.04755283 -0.08425309 -0.00000000 
3.65000000 -0.04455033 -0.07893332 -0.00000000 
3.70000000 -0.04045085 -0.07166996 -0.00000000 
3.75000000 -0.03535534 -0.06264184 -0.00000000 
3.80000000 -0.02938926 -0.05207127 -0.00000000 
3.85000000 -0.02269952 -0.04021854 -0.00000000 
3.90000000 -0.01545085 -0.02737549 -0.00000000 
3.95000000 -0.00782172 -0.01385836 -0.00000000 
4.00000000 -0.00000000 -0.00000000 -0.00000000 
4.05000000 0.00782172 0.01385836 0.00000000 
4.10000000 0.01545085 0.02737549 0.00000000 
4.15000000 0.02269952 0.04021854 0.00000000 
4.20000000 0.02938926 0.05207127 0.00000000 
4.25000000 0.03535534 0.06264184 0.00000000 
4.30000000 0.04045085 0.07166996 0.00000000 
4.35000000 0.04455033 0.07893332 0.00000000 
4.40000000 0.04755283 0.08425309 0.00000000 
4.45000000 0.04938442 0.08749826 0.00000000 
4.50000000 0.05000000 0.08858894 0.00000000 
4.55000000 0.04938442 0.08749826 0.00000000 
4.60000000 0.04755283 0.08425309 0.00000000 
4.65000000 0.04455033 0.07893332 0.00000000 
4.70000000 0.04045085 0.07166996 0.00000000 
4.75000000 0.03535534 0.06264184 0.00000000 
4.80000000 0.02938926 0.05207127 0.00000000 
4.85000000 0.02269952 0.04021854 0.00000000 
4.90000000 0.01545085 0.02737549 0.00000000 
4.95000000 0.00782172 0.01385836 0.00000000 
5.00000000 0.00000000 0.00000000 0.00000000 
5.05000000 -0.00782172 -0.01385836 -0.00000000 
5.10000000 -0.01545085 -0.02737549 -0.00000000 
5.15000000 -0.02269952 -0.04021854 -0.00000000 
5.20000000 -0.02938926 -0.05207127 -0.00000000 
5.25000000 -0.03535534 -0.06264184 -0.00000000 
5.30000000 -0.04045085 -0.07166996 -0.00000000 
5.35000000 -0.04455033 -0.07893332 -0.00000000 
5.40000000 -0.04755283 -0.08425309 -0.00000000 
5.45000000 -0.04938442 -0.08749826 -0.00000000 
5.50000000 -0.05000000 -0.08858894 -0.00000000 
5.55000000 -0.04938442 -0.08749826 -0.00000000 
5.60000000 -0.04755283 -0.08425309 -0.00000000 
5.65000000 -0.04455033 -0.07893332 -0.00000000 
5.70000000 -0.04045085 -0.07166996 -0.00000000 
5.75000000 -0.03535534 -0.06264184 -0.00000000 
5.80000000 -0.02938926 -0.05207127 -0.00000000 
5.85000000 -0.02269952 -0.04021854 -0.00000000 
5.90000000 -0.01545085 -0.02737549 -0.00000000 
5.95000000 -0.00782172 -0.01385836 -0.00000000 
6.00000000 -0.00000000 -0.00000000 -0.00000000 
6.05000000 0.00782172 0.01385836 0.00000000 
6.10000000 0.01545085 0.02737549 0.00000000 
6.15000000 0.02269952 0.04021854 0.00000000 
6.20000000 0.02938926 0.05207127 0.00000000 
6.25000000 0.03535534 0.06264184 0.00000000 
6.30000000 0.04045085 0.07166996 0.00000000 
6.35000000 0.04455033 0.07893332 0.00000000 
6.40000000 0.04755283 0.08425309 0.00000000 
6.45000000 0.04938442 0.08749826 0.00000000 
6.50000000 0.05000000 0.08858894 0.00000000 
6.55000000 0.04938442 0.08749826 0.00000000 
6.60000000 0.04755283 0.08425309 0.00000000 
6.65000000 0.04455033 0.07893332 0.00000000 
6.70000000 0.04045085 0.07166996 0.00000000 
6.75000000 0.03535534 0.06264184 0.00000000 
6.80000000 0.02938926 0.05207127 0.00000000 
6.85000000 0.02269952 0.04021854 0.00000000 
6.90000000 0.01545085 0.02737549 0.00000000 
6.95000000 0.00782172 0.01385836 0.00000000 
7.00000000 0.00000000 0.00000000 0.00000000 
7.05000000 -0.00782172 -0.01385836 -0.00000000 
7.10000000 -0.01545085 -0.02737549 -0.00000000 
7.15000000 -0.02269952 -0.04021854 -0.00000000 
7.20000000 -0.02938926 -0.05207127 -0.00000000 
7.25000000 -0.03535534 -0.06264184 -0.00000000 
7.30000000 -0.04045085 -0.07166996 -0.00000000 
7.35000000 -0.04455033 -0.07893332 -0.00000000 
7.40000000 -0.04755283 -0.08425309 -0.00000000 
7.45000000 -0.04938442 -0.08749826 -0.00000000 
7.50000000 -0.05000000 -0.08858894 -0.00000000 
7.55000000 -0.04938442 -0.08749826 -0.00000000 
7.60000000 -0.04755283 -0.08425309 -0.00000000 
7.65000000 -0.04455033 -0.07893332 -0.00000000 
7.70000000 -0.04045085 -0.07166996 -0.00000000 
7.75000000 -0.03535534 -0.06264184 -0.00000000 
7.80000000 -0.02938926 -0.05207127 -0.00000000 
7.85000000 -0.02269952 -0.04021854 -0.00000000 
7.90000000 -0.01545085 -0.02737549 -0.00000000 
7.95000000 -0.00782172 -0.01385836 -0.00000000 
8.00000000 -0.00000000 -0.00000000 -0.00000000 
8.05000000 0.00782172 0.01385836 0.00000000 
8.10000000 0.01545085 0.02737549 0.00000000 
8.15000000 0.02269952 0.04021854 0.00000000 
8.20000000 0.02938926 0.05207127 0.00000000 
8.25000000 0.03535534 0.06264184 0.00000000 
8.30000000 0.04045085 0.07166996 0.00000000 
8.35000000 0.04455033 0.07893332 0.00000000 
8.40000000 0.04755283 0.08425309 0.00000000 
8.45000000 0.04938442 0.08749826 0.00000000 
8.50000000 0.05000000 0.08858894 0.00000000 
8.55000000 0.04938442 0.08749826 0.00000000 
8.60000000 0.04755283 0.08425309 0.00000000 
8.65000000 0.04455033 0.07893332 0.00000000 
8.70000000 0.04045085 0.07166996 0.00000000 
8.75000000 0.03535534 0.06264184 0.00000000 
8.80000000 0.02938926 0.05207127 0.00000000 
8.85000000 0.02269952 0.04021854 0.00000000 
8.90000000 0.01545085 0.02737549 0.00000000 
8.95000000 0.00782172 0.01385836 0.00000000 
9.00000000 0.00000000 0.00000000 0.00000000 
9.05000000 -0.00782172 -0.01385836 -0.00000000 
9.10000000 -0.01545085 -0.02737549 -0.00000000 
9.15000000 -0.02269952 -0.04021854 -0.00000000 
9.20000000 -0.02938926 -0.05207127 -0.00000000 
9.25000000 -0.03535534 -0.06264184 -0.00000000 
9.30000000 -0.04045085 -0.07166996 -0.00000000 
9.35000000 -0.04455033 -0.07893332 -0.00000000 
9.40000000 -0.04755283 -0.08425309 -0.00000000 
9.45000000 -0.04938442 -0.08749826 -0.00000000 
9.50000000 -0.05000000 -0.08858894 -0.00000000 
9.55000000 -0.04938442 -0.08749826 -0.00000000 
9.60000000 -0.04755283 -0.08425309 -0.00000000 
9.65000000 -0.04455033 -0.07893332 -0.00000000 
9.70000000 -0.04045085 -0.07166996 -0.00000000 
9.75000000 -0.03535534 -0.06264184 -0.00000000 
9.80000000 -0.02938926 -0.05207127 -0.00000000 
9.85000000 -0.02269952 -0.04021854 -0.00000000 
9.90000000 -0.01545085 -0.02737549 -0.00000000 
9.95000000 -0.00782172 -0.01385836 -0.00000000 
10.00000000 -0.00000000 -0.00000000 -0.00000000 
10.05000000 0.00782172 0.01385836 0.00000000 
10.10000000 0.01545085 0.02737549 0.00000000 
10.15000000 0.02269952 0.04021854 0.00000000 
10.20000000 0.02938926 0.05207127 0.00000000 
10.25000000 0.03535534 0.06264184 0.00000000 
10.30000000 0.04045085 0.07166996 0.00000000 
10.35000000 0.04455033 0.07893332 0.00000000 
10.40000000 0.04755283 0.08425309 0.00000000 
10.45000000 0.04938442 0.08749826 0.00000000 
10.50000000 0.05000000 0.08858894 0.00000000 
10.55000000 0.04938442 0.08749826 0.00000000 
10.60000000 0.04755283 0.08425309 0.00000000 
10.65000000 0.04455033 0.07893332 0.00000000 
10.70000000 0.04045085 0.07166996 0.00000000 
10.75000000 0.03535534 0.06264184 0.00000000 
10.80000000 0.02938926 0.05207127 0.00000000 
10.85000000 0.02269952 0.04021854 0.00000000 
10.90000000 0.01545085 0.02737549 0.00000000 
10.95000000 0.00782172 0.01385836 0.00000000 
11.00000000 0.00000000 0.00000000 0.00000000 
11.05000000 -0.00782172 -0.01385836 -0.00000000 
11.10000000 -0.01545085 -0.02737549 -0.00000000 
11.15000000 -0.02269952 -0.04021854 -0.00000000 
11.20000000 -0.02938926 -0.05207127 -0.00000000 
11.25000000 -0.03535534 -0.06264184 -0.00000000 
11.30000000 -0.04045085 -0.07166996 -0.00000000 
11.35000000 -0.04455033 -0.07893332 -0.00000000 
11.40000000 -0.04755283 -0.08425309 -0.00000000 
11.45000000 -0.04938442 -0.08749826 -0.00000000 
11.50000000 -0.05000000 -0.08858894 -0.00000000 
11.55000000 -0.04938442 -0.08749826 -0.00000000 
11.60000000 -0.04755283 -0.08425309 -0.00000000 
11.65000000 -0.04455033 -0.07893332 -0.00000000 
11.70000000 -0.04045085 -0.07166996 -0.00000000 
11.75000000 -0.03535534 -0.06264184 -0.00000000 
11.80000000 -0.02938926 -0.05207127 -0.00000000 
11.85000000 -0.02269952 -0.04021854 -0.00000000 
11.90000000 -0.01545085 -0.02737549 -0.00000000 
11.95000000 -0.00782172 -0.01385836 -0.00000000 
12.00000000 -0.00000000 -0.00000000 -0.00000000 
12.05000000 0.00782172 0.01385836 0.00000000 
12.10000000 0.01545085 0.02737549 0.00000000 
12.15000000 0.02269952 0.04021854 0.00000000 
12.20000000 0.02938926 0.05207127 0.00000000 
12.25000000 0.03535534 0.06264184 0.00000000 
12.30000000 0.04045085 0.07166996 0.00000000 
12.35000000 0.04455033 0.07893332 0.00000000 
12.40000000 0.04755283 0.08425309 0.00000000 
12.45000000 0.04938442 0.08749826 0.00000000 
12.50000000 0.05000000 0.08858894 0.00000000 
12.55000000 0.04938442 0.08749826 0.00000000 
12.60000000 0.04755283 0.08425309 0.00000000 
12.65000000 0.04455033 0.07893332 0.00000000 
12.70000000 0.04045085 0.07166996 0.00000000 
12.75000000 0.03535534 0.06264184 0.00000000 
12.80000000 0.02938926 0.05207127 0.00000000 
12.85000000 0.02269952 0.04021854 0.00000000 
12.90000000 0.01545085 0.02737549 0.00000000 
12.95000000 0.00782172 0.01385836 0.00000000 
13.00000000 -0.00000000 -0.00000000 -0.00000000 
13.05000000 -0.00782172 -0.01385836 -0.00000000 
13.10000000 -0.01545085 -0.02737549 -0.00000000 
13.15000000 -0.02269952 -0.04021854 -0.00000000 
13.20000000 -0.02938926 -0.05207127 -0.00000000 
13.25000000 -0.03535534 -0.06264184 -0.00000000 
13.30000000 -0.04045085 -0.07166996 -0.00000000 
13.35000000 -0.04455033 -0.07893332 -0.00000000 
13.40000000 -0.04755283 -0.08425309 -0.00000000 
13.45000000 -0.04938442 -0.08749826 -0.00000000 
13.50000000 -0.05000000 -0.08858894 -0.00000000 
13.55000000 -0.04938442 -0.08749826 -0.00000000 
13.60000000 -0.04755283 -0.08425309 -0.00000000 
13.65000000 -0.04455033 -0.07893332 -0.00000000 
13.70000000 -0.04045085 -0.07166996 -0.00000000 
13.75000000 -0.03535534 -0.06264184 -0.00000000 
13.80000000 -0.02938926 -0.05207127 -0.00000000 
13.85000000 -0.02269952 -0.04021854 -0.00000000 
13.90000000 -0.01545085 -0.02737549 -0.00000000 
13.95000000 -0.00782172 -0.01385836 -0.00000000 
14.00000000 -0.00000000 -0.00000000 -0.00000000 
14.05000000 0.00782172 0.01385836 0.00000000 
14.10000000 0.01545085 0.02737549 0.00000000 
14.15000000 0.02269952 0.04021854 0.00000000 
14.20000000 0.02938926 0.05207127 0.00000000 
14.25000000 0.03535534 0.06264184 0.00000000 
14.30000000 0.04045085 0.07166996 0.00000000 
14.35000000 0.04455033 0.07893332 0.00000000 
14.40000000 0.04755283 0.08425309 0.00000000 
14.45000000 0.04938442 0.08749826 0.00000000 
14.50000000 0.05000000 0.08858894 0.00000000 
14.55000000 0.04938442 0.08749826 0.00000000 
14.60000000 0.04755283 0.08425309 0.00000000 
14.65000000 0.04455033 0.07893332 0.00000000 
14.70000000 0.04045085 0.07166996 0.00000000 
14.75000000 0.03535534 0.06264184 0.00000000 
14.80000000 0.02938926 0.05207127 0.00000000 
14.85000000 0.02269952 0.04021854 0.00000000 
14.90000000 0.01545085 0.02737549 0.00000000 
14.95000000 0.00782172 0.01385836 0.00000000 
15.00000000 0.00000000 0.00000000 0.00000000 
15.05000000 -0.00782172 -0.01385836 -0.00000000 
15.10000000 -0.01545085 -0.02737549 -0.00000000 
15.15000000 -0.02269952 -0.04021854 -0.00000000 
15.20000000 -0.02938926 -0.05207127 -0.00000000 
15.25000000 -0.03535534 -0.06264184 -0.00000000 
15.30000000 -0.04045085 -0.07166996 -0.00000000 
15.35000000 -0.04455033 -0.07893332 -0.00000000 
15.40000000 -0.04755283 -0.08425309 -0.00000000 
15.45000000 -0.04938442 -0.08749826 -0.00000000 
15.50000000 -0.05000000 -0.08858894 -0.00000000 
15.55000000 -0.04938442 -0.08749826 -0.00000000 
15.60000000 -0.04755283 -0.08425309 -0.00000000 
15.65000000 -0.04455033 -0.07893332 -0.00000000 
15.70000000 -0.04045085 -0.07166996 -0.00000000 
15.75000000 -0.03535534 -0.06264184 -0.00000000 
15.80000000 -0.02938926 -0.05207127 -0.00000000 
15.85000000 -0.02269952 -0.04021854 -0.00000000 
15.90000000 -0.01545085 -0.02737549 -0.00000000 
15.95000000 -0.00782172 -0.01385836 -0.00000000 
16.00000000 -0.00000000 -0.00000000 -0.00000000 
16.05000000 0.00782172 0.01385836 0.00000000 
16.10000000 0.01545085 0.02737549 0.00000000 
16.15000000 0.02269952 0.04021854 0.00000000 
16.20000000 0.02938926 0.05207127 0.00000000 
16.25000000 0.03535534 0.06264184 0.00000000 
16.30000000 0.04045085 0.07166996 0.00000000 
16.35000000 0.04455033 0.07893332 0.00000000 
16.40000000 0.04755283 0.08425309 0.00000000 
16.45000000 0.04938442 0.08749826 0.00000000 
16.50000000 0.05000000 0.08858894 0.00000000 
16.55000000 0.04938442 0.08749826 0.00000000 
16.60000000 0.04755283 0.08425309 0.00000000 
16.65000000 0.04455033 0.07893332 0.00000000 
16.70000000 0.04045085 0.07166996 0.00000000 
16.75000000 0.03535534 0.06264184 0.00000000 
16.80000000 0.02938926 0.05207127 0.00000000 
16.85000000 0.02269952 0.04021854 0.00000000 
16.90000000 0.01545085 0.02737549 0.00000000 
16.95000000 0.00782172 0.01385836 0.00000000 
17.00000000 -0.00000000 -0.00000000 -0.00000000 
17.05000000 -0.00782172 -0.01385836 -0.00000000 
17.10000000 -0.01545085 -0.02737549 -0.00000000 
17.15000000 -0.02269952 -0.04021854 -0.00000000 
17.20000000 -0.02938926 -0.05207127 -0.00000000 
17.25000000 -0.03535534 -0.06264184 -0.00000000 
17.30000000 -0.04045085 -0.07166996 -0.00000000 
17.35000000 -0.04455033 -0.07893332 -0.00000000 
17.40000000 -0.04755283 -0.08425309 -0.00000000 
17.45000000 -0.04938442 -0.08749826 -0.00000000 
17.50000000 -0.05000000 -0.08858894 -0.00000000 
17.55000000 -0.04938442 -0.08749826 -0.00000000 
17.60000000 -0.04755283 -0.08425309 -0.00000000 
17.65000000 -0.04455033 -0.07893332 -0.00000000 
17.70000000 -0.04045085 -0.07166996 -0.00000000 
17.75000000 -0.03535534 -0.06264184 -0.00000000 
17.80000000 -0.02938926 -0.05207127 -0.00000000 
17.85000000 -0.02269952 -0.04021854 -0.00000000 
17.90000000 -0.01545085 -0.02737549 -0.00000000 
17.95000000 -0.00782172 -0.01385836 -0.00000000 
18.00000000 -0.00000000 -0.00000000 -0.00000000 
18.05000000 0.00782172 0.01385836 0.00000000 
18.10000000 0.01545085 0.02737549 0.00000000 
18.15000000 0.02269952 0.04021854 0.00000000 
18.20000000 0.02938926 0.05207127 0.00000000 
18.25000000 0.03535534 0.06264184 0.00000000 
18.30000000 0.04045085 0.07166996 0.00000000 
18.35000000 0.04455033 0.07893332 0.00000000 
18.40000000 0.04755283 0.08425309 0.00000000 
18.45000000 0.04938442 0.08749826 0.00000000 
18.50000000 0.05000000 0.08858894 0.00000000 
18.55000000 0.04938442 0.08749826 0.00000000 
18.60000000 0.04755283 0.08425309 0.00000000 
18.65000000 0.04455033 0.07893332 0.00000000 
18.70000000 0.04045085 0.07166996 0.00000000 
18.75000000 0.03535534 0.06264184 0.00000000 
18.80000000 0.02938926 0.05207127 0.00000000 
18.85000000 0.02269952 0.04021854 0.00000000 
18.90000000 0.01545085 0.02737549 0.00000000 
18.95000000 0.00782172 0.01385836 0.00000000 
19.00000000 0.00000000 0.00000000 0.00000000 
19.05000000 -0.00782172 -0.01385836 -0.00000000 
19.10000000 -0.01545085 -0.02737549 -0.00000000 
19.15000000 -0.02269952 -0.04021854 -0.00000000 
19.20000000 -0.02938926 -0.05207127 -0.00000000 
19.25000000 -0.03535534 -0.06264184 -0.00000000 
19.30000000 -0.04045085 -0.07166996 -0.00000000 
19.35000000 -0.04455033 -0.07893332 -0.00000000 
19.40000000 -0.04755283 -0.08425309 -0.00000000 
19.45000000 -0.04938442 -0.08749826 -0.00000000 
19.50000000 -0.05000000 -0.08858894 -0.00000000 
19.55000000 -0.04938442 -0.08749826 -0.00000000 
19.60000000 -0.04755283 -0.08425309 -0.00000000 
19.65000000 -0.04455033 -0.07893332 -0.00000000 
19.70000000 -0.04045085 -0.07166996 -0.00000000 
19.75000000 -0.03535534 -0.06264184 -0.00000000 
19.80000000 -0.02938926 -0.05207127 -0.00000000 
19.85000000 -0.02269952 -0.04021854 -0.00000000 
19.90000000 -0.01545085 -0.02737549 -0.00000000 
19.95000000 -0.00782172 -0.01385836 -0.00000000 
20.00000000 -0.00000000 -0.00000000 -0.00000000 
